[gd_scene load_steps=10 format=2]

[ext_resource path="res://Enviroment/recibidor01.tscn" type="PackedScene" id=2]
[ext_resource path="res://default_env.tres" type="Environment" id=4]
[ext_resource path="res://Prefabs/CharcterController.tscn" type="PackedScene" id=5]

[sub_resource type="SpatialMaterial" id=1]
params_diffuse_mode = 1
emission_enabled = true
emission = Color( 1, 1, 1, 1 )
emission_energy = 3.07
emission_operator = 0
emission_on_uv2 = false

[sub_resource type="CubeMesh" id=2]
material = SubResource( 1 )
size = Vector3( 9, 0.2, 2.5 )

[sub_resource type="GIProbeData" id=3]
bounds = AABB( -13.2186, -4.2018, -13.5921, 26.4372, 8.4036, 27.1842 )
cell_size = 0.212377
to_cell_xform = Transform( 4.70862, 0, 0, 0, 4.70862, 0, 0, 0, 4.70862, 62.2413, 19.7847, 64 )
dynamic_data = PoolIntArray( 0, 8, 128, 64, 128, 1, 0, 3, 5, 3, 7, 5, 8, 10, 12, 10, -1, -1, -1, -1, -1, -1, -1, -1, 0, 0, 8355711, 0 )
dynamic_range = 4
bias = 1.5
normal_bias = 0.0
propagation = 0.7

[sub_resource type="BoxShape" id=4]
extents = Vector3( 12.5297, 1, 15.882 )

[sub_resource type="BoxShape" id=5]
extents = Vector3( 2.7181, 0.488995, 1.92311 )

[sub_resource type="BoxShape" id=6]
extents = Vector3( 1.8096, 0.394062, 1.80598 )

[node name="world" type="Spatial"]

[node name="WorldEnvironment" type="WorldEnvironment" parent="."]
environment = ExtResource( 4 )

[node name="LIGTHS" type="Spatial" parent="."]
transform = Transform( 1, 0, 0, 0, -4.37114e-08, 1, 0, -1, -4.37114e-08, 0, 3.96936, 0 )

[node name="SpotLight" type="SpotLight" parent="LIGTHS"]
transform = Transform( 1, 0, 0, 0, 0.935432, -0.353508, 0, 0.353508, 0.935432, 6.11621, 5.20617, -2.64099 )
light_energy = 2.06
spot_range = 8.64777
spot_angle = 64.5665

[node name="SpotLight3" type="SpotLight" parent="LIGTHS"]
transform = Transform( 0.505941, -0.0353966, 0.861842, 0.0697913, 0.997562, 2.24251e-08, -0.85974, 0.0601491, 0.507177, 2.14483, 8.82547, 1.35321 )
visible = false
light_energy = 16.0
spot_range = 10.5583
spot_angle = 78.297

[node name="SpotLight4" type="SpotLight" parent="LIGTHS"]
transform = Transform( 0.911948, 1.7935e-08, -0.410305, -1.7935e-08, 1, 3.84886e-09, 0.410305, 3.84886e-09, 0.911948, 0, 7.2542, 3.02594 )
visible = false
light_energy = 13.0
spot_range = 18.7303
spot_angle = 49.0079

[node name="SpotLight5" type="SpotLight" parent="LIGTHS"]
transform = Transform( 1, 0, 0, 0, 1, 0, 0, 0, 1, 0, -5.34108, 1.68952 )
visible = false
light_energy = 13.0
spot_range = 11.2405
spot_angle = 80.1563

[node name="SpotLight7" type="SpotLight" parent="LIGTHS"]
transform = Transform( 0.885588, -2.03027e-08, 0.464471, 2.03027e-08, 1, 5.00109e-09, -0.464471, 5.00109e-09, 0.885588, -4.96495, -0.369506, 2.95035 )
visible = false
light_energy = 5.3
spot_range = 7.90602
spot_angle = 64.6875

[node name="SpotLight8" type="SpotLight" parent="LIGTHS"]
transform = Transform( 0.546584, -3.66041e-08, 0.837404, 3.66041e-08, 1, 1.98194e-08, -0.837404, 1.98194e-08, 0.546584, 0.819693, -11.5966, 1.05515 )
visible = false
light_energy = 13.0
spot_range = 7.90602
spot_angle = 84.8607

[node name="SpotLight2" type="SpotLight" parent="LIGTHS"]
transform = Transform( 1, 0, 0, 0, 1, 0, 0, 0, 1, 0, -4.72628, -2.38419e-07 )
visible = false
light_energy = 4.41
spot_range = 5.93833
spot_angle = 49.2944

[node name="DirectionalLight2" type="DirectionalLight" parent="LIGTHS"]
transform = Transform( -0.357912, 0.765243, -0.535073, -0.813972, 0.0250971, 0.580362, 0.457546, 0.643253, 0.613903, 0, -1.74066, 1.95495 )
light_energy = 0.7

[node name="DirectionalLight" type="DirectionalLight" parent="LIGTHS"]
transform = Transform( -0.357912, 0.765243, -0.535073, -0.896788, -0.441349, -0.0313373, -0.260134, 0.468631, 0.844225, 0, 2.81516, 1.95495 )
visible = false
light_energy = 0.7

[node name="OmniLight" type="OmniLight" parent="LIGTHS"]
transform = Transform( 1, 0, 0, 0, 1, 0, 0, 0, 1, 0, -9.11495, -4.76837e-07 )
visible = false
light_energy = 6.19
omni_range = 6.69058

[node name="OmniLight2" type="OmniLight" parent="LIGTHS"]
transform = Transform( 1, 0, 0, 0, 1, 0, 0, 0, 1, 0, 8.50451, 4.76837e-07 )
visible = false
light_energy = 6.19
omni_range = 7.3076

[node name="Difised Lights" type="Spatial" parent="."]
transform = Transform( 1, 0, 0, 0, 1, 0, 0, 0, 1, 0, 1.91192, 0 )
visible = false

[node name="MeshInstance" type="MeshInstance" parent="Difised Lights"]
transform = Transform( 1, 0, 0, 0, 1, -1.74846e-07, 0, 1.74846e-07, 1, 0, 2.75334, 0 )
mesh = SubResource( 2 )
material/0 = null

[node name="GIProbe" type="GIProbe" parent="."]
transform = Transform( 1, 0, 0, 0, 1, 0, 0, 0, 1, 0, -0.386676, -1.02402 )
visible = false
extents = Vector3( 13.2186, 4.2018, 13.5921 )
data = SubResource( 3 )

[node name="recibidor01" parent="." instance=ExtResource( 2 )]
transform = Transform( 1, 0, 0, 0, 1, 0, 0, 0, 1, 0.0490722, 1.43542, 1.87659 )

[node name="CharcterController" parent="." instance=ExtResource( 5 )]
transform = Transform( 1, 0, 0, 0, 1, 0, 0, 0, 1, 4.52601, -1.67432, 0 )

[node name="Collisions" type="Spatial" parent="."]
transform = Transform( 1, 0, 0, 0, 1, 0, 0, 0, 1, 0, 1.1257, 0 )

[node name="StaticBody" type="StaticBody" parent="Collisions"]

[node name="CollisionShape" type="CollisionShape" parent="Collisions/StaticBody"]
transform = Transform( 1, 0, 0, 0, 1, 0, 0, 0, 1, 0, -4.78923, 0 )
shape = SubResource( 4 )

[node name="StaticBody2" type="StaticBody" parent="Collisions"]
transform = Transform( 1, 0, 0, 0, 1, 0, 0, 0, 1, -19.0354, -6.62626, 1.75296 )

[node name="CollisionShape" type="CollisionShape" parent="Collisions/StaticBody2"]
transform = Transform( -4.37114e-08, 1, 0, -1, -4.37114e-08, 0, 0, 0, 1, 9.00254, 4.32583, 0 )
shape = SubResource( 5 )

[node name="StaticBody3" type="StaticBody" parent="Collisions"]
transform = Transform( 1, 0, 0, 0, 1, 0, 0, 0, 1, 15.0337, 0, 0 )

[node name="CollisionShape" type="CollisionShape" parent="Collisions/StaticBody3"]
transform = Transform( -4.37114e-08, 1, 0, -1, -4.37114e-08, 0, 0, 0, 1, -4.83029, -1.07827, 1.74871 )
shape = SubResource( 5 )

[node name="StaticBody4" type="StaticBody" parent="Collisions"]
transform = Transform( -5.96046e-08, 0, -1, 0, 1, 0, 1, 0, -5.96046e-08, -0.0987954, -6.28713, -16.168 )

[node name="CollisionShape" type="CollisionShape" parent="Collisions/StaticBody4"]
transform = Transform( -4.37114e-08, 1, 0, -1, -4.37114e-08, 0, 0, 0, 1, 8.09217, 4.32583, 2.98023e-08 )
shape = SubResource( 6 )

[node name="StaticBody5" type="StaticBody" parent="Collisions"]
transform = Transform( -5.96046e-08, 0, -1, 0, 1, 0, 1, 0, -5.96046e-08, 0.187397, 0.213782, 13.7874 )

[node name="CollisionShape" type="CollisionShape" parent="Collisions/StaticBody5"]
transform = Transform( -4.37114e-08, 1, 0, -1, -4.37114e-08, 0, 0, 0, 1, -1.72882, -2.41481, -0.0755214 )
shape = SubResource( 6 )

[editable path="CharcterController"]
